0.000023  0.999958  0.000019
0.999950  0.000025  0.000024
0.999949  0.000026  0.000025
0.955530  0.044443  0.000027
0.834651  0.043081  0.122268
0.996667  0.003309  0.000025
0.449691  0.286827  0.263482
0.999948  0.000026  0.000026
0.587722  0.138711  0.273568
0.000028  0.999945  0.000027
0.356632  0.643344  0.000024
0.476133  0.523844  0.000023
0.065373  0.877124  0.057502
0.000023  0.859694  0.140283
0.067067  0.932911  0.000023
0.166808  0.704510  0.128682
0.000024  0.870451  0.129524
0.000025  0.895357  0.104618
0.554247  0.445729  0.000024
0.216963  0.747960  0.035078
0.806649  0.046549  0.146802
0.000024  0.999953  0.000023
0.688353  0.000026  0.311621
0.000024  0.999955  0.000021
0.000024  0.933792  0.066184
0.209316  0.790661  0.000024
0.526448  0.148103  0.325449
0.451882  0.022274  0.525844
0.000025  0.999950  0.000025
0.000024  0.000024  0.999951
0.361280  0.638697  0.000023
0.011002  0.988973  0.000025
0.000024  0.854569  0.145407
0.000023  0.799608  0.200369
0.056818  0.857182  0.086000
0.000024  0.858712  0.141264
0.000024  0.774524  0.225452
0.999952  0.000024  0.000024
0.999953  0.000024  0.000023
0.999953  0.000024  0.000023
0.999954  0.000023  0.000023
0.000024  0.677799  0.322178
0.999953  0.000024  0.000023
0.999953  0.000024  0.000023
0.999953  0.000023  0.000023
0.999952  0.000024  0.000024
0.999953  0.000024  0.000023
0.000030  0.051656  0.948313
0.469672  0.036190  0.494138
0.422521  0.000024  0.577455
0.999954  0.000023  0.000023
0.997872  0.002103  0.000025
0.000025  0.000025  0.999951
0.253794  0.000026  0.746180
0.394922  0.000024  0.605053
0.051540  0.000025  0.948435
0.000025  0.000025  0.999950
0.000024  0.000024  0.999952
0.565175  0.000024  0.434801
0.829721  0.000024  0.170255
0.553605  0.012148  0.434248
0.000024  0.000024  0.999951
0.295839  0.000025  0.704137
0.349939  0.036660  0.613401
0.999953  0.000024  0.000023
0.542154  0.181780  0.276066
0.999951  0.000025  0.000024
0.999953  0.000024  0.000023
0.999953  0.000024  0.000023
0.999952  0.000024  0.000024
0.999953  0.000024  0.000023
0.999953  0.000024  0.000023
0.143881  0.103711  0.752408
0.442880  0.015688  0.541432
0.702708  0.000024  0.297268
0.999951  0.000025  0.000024
0.563265  0.063745  0.372991
0.999948  0.000026  0.000026
0.599215  0.009354  0.391431
0.999952  0.000024  0.000024
0.999951  0.000025  0.000024
0.999948  0.000026  0.000026
0.999949  0.000026  0.000025
0.941440  0.058536  0.000025
0.999952  0.000024  0.000024
0.999951  0.000025  0.000024
0.040759  0.840267  0.118973
0.167136  0.738544  0.094320
0.998872  0.001104  0.000024
0.102436  0.134118  0.763446
0.999933  0.000034  0.000033
0.871153  0.128821  0.000026
0.956110  0.043864  0.000025
0.803683  0.125807  0.070510
0.985604  0.014373  0.000024
0.504213  0.165431  0.330356
0.999937  0.000032  0.000031
0.561656  0.223420  0.214924
0.000030  0.999941  0.000029
0.331953  0.668021  0.000026
0.462589  0.537386  0.000025
0.063191  0.936777  0.000033
0.000036  0.926597  0.073366
0.072501  0.927478  0.000021
0.166690  0.708532  0.124778
0.000033  0.920736  0.079231
0.000025  0.915891  0.084084
0.528793  0.471180  0.000026
0.204000  0.795967  0.000033
0.800605  0.072809  0.126586
0.000026  0.999949  0.000025
0.682563  0.000026  0.317411
0.000026  0.999951  0.000023
0.000026  0.946794  0.053180
0.201356  0.798619  0.000025
0.472266  0.273563  0.254171
0.481799  0.034134  0.484067
0.000027  0.999946  0.000027
0.000028  0.000028  0.999944
0.322607  0.677368  0.000025
0.000027  0.999947  0.000026
0.000025  0.859346  0.140628
0.000029  0.863705  0.136266
0.064755  0.867226  0.068019
0.000025  0.874043  0.125932
0.000024  0.780483  0.219493
0.999948  0.000026  0.000026
0.972736  0.027239  0.000025
0.999947  0.000027  0.000026
0.999947  0.000027  0.000026
0.000027  0.700752  0.299221
0.999947  0.000027  0.000026
0.999951  0.000025  0.000024
0.999944  0.000028  0.000028
0.999949  0.000026  0.000025
0.999952  0.000024  0.000024
0.000026  0.025789  0.974185
0.463615  0.065362  0.471023
0.442025  0.013738  0.544238
0.999950  0.000025  0.000025
0.999951  0.000025  0.000024
0.000025  0.000025  0.999950
0.246972  0.000025  0.753002
0.402524  0.000026  0.597450
0.046537  0.000025  0.953438
0.000026  0.000026  0.999948
0.000026  0.000026  0.999948
0.000027  0.000028  0.999945
0.320315  0.000028  0.679657
0.539889  0.242632  0.217479
